"species","x","y","fe_buffer_bio02","fe_buffer_bio03","fe_buffer_bio08","fe_buffer_bio09","fe_buffer_bio10","fe_buffer_bio15","fe_buffer_bio18","fe_buffer_bio19","mask"
"species",1,1,76,23,131,-33,148,30,212,131,1
"species",2,2,75,20,122,-106,138,32,213,109,1
"species",3,3,77,23,132,-32,149,30,211,129,1
"species",4,4,76,24,138,-20,152,30,198,129,1
"species",5,5,66,21,139,-21,155,31,197,133,1
"species",6,6,73,23,141,-17,155,32,196,121,1
"species",7,7,76,23,132,-31,149,30,210,131,1
"species",8,8,77,24,135,-24,150,33,205,118,1
"species",9,9,69,23,82,-25,94,27,178,132,1
"species",10,10,60,24,-26,38,102,24,167,210,1
"species",11,11,77,23,132,-32,149,30,211,129,1
"species",12,12,42,23,82,88,135,31,326,361,1
"species",13,13,44,23,77,83,132,30,356,378,1
"species",14,14,63,27,1,57,114,25,332,430,1
"species",15,15,62,27,4,55,112,25,382,504,1
"species",16,16,64,27,-3,53,110,24,325,414,1
"species",17,17,66,34,51,93,137,23,218,286,1
"species",18,18,68,34,51,92,138,19,198,204,1
"species",19,19,78,24,135,-25,150,32,205,120,1
"species",20,20,78,22,104,-86,104,34,208,102,1
"species",21,21,76,25,96,-63,96,45,235,91,1
"species",22,22,71,33,16,84,133,22,224,315,1
"species",23,23,87,23,120,-81,120,34,193,92,1
"species",24,24,84,22,114,-74,130,28,171,106,1
"species",25,25,78,23,105,-81,105,36,201,96,1
"species",26,26,72,22,145,-58,161,34,207,104,1
"species",27,27,83,22,121,-79,121,31,206,105,1
"species",28,28,67,24,56,-49,65,26,214,151,1
"species",29,29,90,23,123,-82,123,32,192,97,1
"species",30,30,90,23,120,-85,120,32,194,99,1
"species",31,31,84,25,101,-79,101,44,169,68,1
"species",32,32,83,25,100,-79,100,44,170,68,1
"species",33,33,78,23,102,-85,102,35,207,99,1
"species",34,34,85,23,113,-75,130,28,171,105,1
"species",35,35,84,23,115,-84,115,32,208,103,1
"species",36,36,85,23,113,-75,130,28,172,104,1
"species",37,37,67,26,145,15,154,24,261,222,1
"species",38,38,66,26,146,17,156,24,250,209,1
"species",39,39,67,26,141,52,151,23,271,245,1
"species",40,40,67,26,145,55,154,24,259,224,1
"species",41,41,67,26,144,13,153,24,260,218,1
"species",42,42,68,27,145,14,154,23,261,225,1
"species",43,43,66,26,148,17,157,25,247,192,1
"species",44,44,76,24,143,36,156,27,194,164,1
"species",45,45,94,31,126,-30,140,38,311,124,1
"species",46,46,80,33,143,204,205,23,154,166,1
"species",47,47,92,31,123,-32,138,38,326,134,1
"species",48,48,90,31,117,-37,132,36,348,150,1
"species",49,49,92,31,119,-36,134,39,328,129,1
"species",50,50,87,30,110,-41,125,37,361,153,1
"species",51,51,70,36,52,62,156,15,174,212,1
"species",52,52,76,25,140,-11,153,29,190,129,1
"species",53,53,70,22,146,-54,160,33,209,105,1
"species",54,54,64,29,13,72,120,26,238,328,1
"species",55,55,62,28,75,-63,75,27,368,182,1
"species",56,56,75,22,130,-37,148,29,222,134,1
"species",57,57,52,26,51,-76,52,22,404,247,1
"species",58,58,81,31,120,-36,120,36,304,122,1
"species",59,59,63,23,154,8,166,29,165,114,1
"species",60,60,70,27,72,8,152,23,228,200,1
"species",61,61,69,32,-5,60,113,20,258,359,1
"species",62,62,76,27,140,3,151,25,184,125,1
"species",63,63,68,24,99,-13,145,25,251,162,1
"species",64,64,65,34,57,100,139,18,210,258,1
"species",65,65,67,36,54,91,134,19,197,208,1
"species",66,66,78,25,115,-48,115,44,237,89,1
"species",67,67,73,25,118,-27,131,28,262,150,1
"species",68,68,74,25,114,-32,128,28,264,147,1
"species",69,69,73,25,127,-19,141,27,255,150,1
"species",70,70,83,26,103,-57,103,36,263,123,1
"species",71,71,72,25,98,-11,139,29,235,145,1
"species",72,72,65,24,110,0,152,26,233,161,1
"species",73,73,52,28,69,80,124,31,498,666,1
"species",74,74,46,25,82,90,135,32,373,456,1
"species",75,75,47,26,80,88,133,32,400,502,1
"species",76,76,62,28,-25,28,78,27,291,379,1
"species",77,77,74,36,44,55,152,14,174,192,1
"species",78,78,73,36,43,54,151,14,177,203,1
"species",79,79,59,33,63,124,139,24,253,360,1
"species",80,80,59,34,71,107,146,23,226,302,1
"species",81,81,76,35,70,60,162,10,156,154,1
"species",82,82,75,24,144,38,157,27,190,159,1
