"species","x","y","fe_buffer_bio01","fe_buffer_bio02","fe_buffer_bio04","fe_buffer_bio08","fe_buffer_bio09","fe_buffer_bio13","fe_buffer_bio15","fe_buffer_bio19","mask"
"species",1,1,131,101,5809,139,206,96,26,197,1
"species",2,2,137,101,5876,145,214,106,31,203,1
"species",3,3,169,93,5191,144,237,39,47,91,1
"species",4,4,137,101,5969,144,215,108,31,194,1
"species",5,5,135,100,5776,142,210,98,28,198,1
"species",6,6,141,99,5718,149,216,98,31,194,1
"species",7,7,136,101,6080,142,216,109,31,186,1
"species",8,8,137,101,5784,145,212,101,30,200,1
"species",9,9,129,101,5853,137,205,97,25,195,1
"species",10,10,122,114,6191,75,206,69,44,181,1
"species",11,11,131,101,6107,137,211,107,28,187,1
"species",12,12,134,102,5885,141,210,103,28,199,1
"species",13,13,106,99,6014,114,183,84,17,191,1
"species",14,14,138,88,5176,113,204,125,40,257,1
"species",15,15,112,100,6302,118,193,94,17,202,1
"species",16,16,138,91,5674,105,212,84,23,182,1
"species",17,17,129,102,6079,135,208,101,25,183,1
"species",18,18,88,96,5642,135,25,83,15,182,1
"species",19,19,126,89,5709,147,200,79,15,192,1
"species",20,20,133,101,6150,138,213,104,29,183,1
"species",21,21,126,89,5699,114,200,78,16,193,1
"species",22,22,114,102,5548,53,186,127,23,316,1
"species",23,23,131,102,5916,138,208,101,27,193,1
"species",24,24,120,83,5532,91,192,91,31,212,1
"species",25,25,100,98,6234,106,180,94,14,212,1
"species",26,26,123,80,5653,139,55,85,25,125,1
"species",27,27,108,96,5917,128,33,90,20,157,1
"species",28,28,96,117,6445,78,182,74,26,129,1
"species",29,29,86,85,5677,101,17,106,19,188,1
"species",30,30,92,99,5372,34,162,105,16,266,1
"species",31,31,94,95,5972,60,171,90,17,207,1
"species",32,32,111,77,5559,125,44,98,24,149,1
"species",33,33,84,93,5969,92,160,94,15,225,1
"species",34,34,88,95,5607,135,25,83,15,189,1
"species",35,35,116,84,4797,64,177,109,20,283,1
"species",36,36,93,108,6057,113,173,76,23,139,1
"species",37,37,101,95,5052,77,168,87,23,197,1
"species",38,38,75,109,6322,93,160,86,24,139,1
"species",39,39,100,96,5499,68,173,69,20,175,1
"species",40,40,93,95,5021,69,160,94,22,213,1
"species",41,41,101,99,5353,43,171,111,19,286,1
"species",42,42,92,78,5545,64,164,106,24,236,1
"species",43,43,66,103,5316,36,137,126,28,310,1
"species",44,44,142,99,5724,150,217,96,31,190,1
"species",45,45,136,101,5832,143,212,102,29,201,1
"species",46,46,136,102,5874,143,212,105,30,203,1
"species",47,47,133,101,5815,141,208,99,27,199,1
"species",48,48,130,102,5868,137,206,93,24,188,1
"species",49,49,124,101,6130,129,204,96,23,175,1
"species",50,50,139,101,5816,147,215,92,27,188,1
"species",51,51,132,101,5854,140,209,100,27,197,1
"species",52,52,136,93,5723,102,210,78,22,203,1
"species",53,53,142,96,5732,108,216,81,23,185,1
"species",54,54,139,101,5893,146,216,107,32,198,1
"species",55,55,132,101,5796,139,207,93,25,193,1
"species",56,56,120,87,5644,88,194,84,16,199,1
"species",57,57,131,85,5386,104,201,94,34,224,1
"species",58,58,108,103,5646,75,181,88,19,221,1
"species",59,59,112,92,5727,81,186,90,24,208,1
"species",60,60,120,87,4931,67,183,98,20,256,1
"species",61,61,135,80,5629,185,66,74,25,121,1
"species",62,62,108,101,5766,74,183,83,16,194,1
"species",63,63,127,96,5749,149,199,78,14,198,1
"species",64,64,134,91,5687,101,208,83,21,189,1
"species",65,65,133,101,5973,139,211,105,29,194,1
"species",66,66,110,101,5790,158,185,77,16,185,1
"species",67,67,128,91,5718,95,202,80,18,202,1
"species",68,68,133,102,6002,139,212,104,27,188,1
"species",69,69,123,87,5646,91,196,85,17,191,1
"species",70,70,93,99,6109,100,171,90,15,211,1
"species",71,71,99,101,5756,146,36,80,18,157,1
"species",72,72,111,80,5492,83,182,106,28,223,1
"species",73,73,97,97,5162,72,166,84,22,192,1
"species",74,74,109,120,6589,85,198,77,35,171,1
"species",75,75,127,96,5761,149,199,78,15,205,1
"species",76,76,107,84,5615,124,47,94,15,196,1
"species",77,77,118,102,5816,83,193,81,17,192,1
"species",78,78,80,75,5434,91,22,110,16,218,1
"species",79,79,137,102,6173,142,217,98,30,176,1
"species",80,80,134,101,6047,140,214,109,31,189,1
"species",81,81,118,99,6175,124,199,100,22,190,1
"species",82,82,67,74,5391,40,9,115,14,259,1
"species",83,83,133,100,5777,140,208,95,27,195,1
"species",84,84,141,101,5750,149,215,103,33,204,1
"species",85,85,140,100,5760,148,215,101,31,200,1
"species",86,86,127,89,5562,97,199,89,30,210,1
"species",87,87,122,104,5527,145,191,80,12,204,1
"species",88,88,115,83,5589,133,55,88,16,189,1
"species",89,89,122,104,5635,146,192,80,11,213,1
"species",90,90,118,100,5668,140,58,83,13,182,1
"species",91,91,94,77,5537,66,165,105,24,232,1
"species",92,92,121,102,5585,60,194,131,25,323,1
"species",93,93,123,91,5747,144,197,82,14,193,1
"species",94,94,125,93,5797,92,199,85,26,191,1
"species",95,95,127,101,5874,134,203,95,24,191,1
"species",96,96,120,104,5598,57,190,83,12,216,1
"species",97,97,125,105,5591,62,194,82,12,213,1
"species",98,98,128,86,5671,95,202,83,17,182,1
"species",99,99,92,106,6297,111,17,75,28,104,1
"species",100,100,81,109,6350,99,166,82,24,131,1
"species",101,101,72,92,5488,88,144,98,16,195,1
"species",102,102,122,91,5792,89,197,87,28,190,1
"species",103,103,129,101,6160,135,210,104,26,187,1
"species",104,104,118,100,5665,140,58,82,13,181,1
"species",105,105,136,88,5442,107,206,92,34,216,1
"species",106,106,88,84,6186,167,47,66,15,148,1
"species",107,107,107,102,5481,75,178,84,17,214,1
"species",108,108,107,102,5620,46,181,116,22,290,1
"species",109,109,99,89,5042,73,165,89,21,218,1
"species",110,110,115,85,5627,133,55,87,15,192,1
"species",111,111,131,74,5504,180,65,82,24,128,1
"species",112,112,118,90,5626,87,191,89,27,209,1
"species",113,113,132,94,5733,98,206,78,20,208,1
"species",114,114,129,102,5894,136,205,98,25,193,1
"species",115,115,115,99,5747,123,190,88,19,194,1
"species",116,116,132,102,5954,139,210,99,26,188,1
"species",117,117,133,101,6001,139,212,107,29,192,1
"species",118,118,126,101,6204,131,206,96,23,177,1
"species",119,119,117,75,5463,90,187,105,29,213,1
"species",120,120,120,99,6274,125,201,99,21,194,1
"species",121,121,134,101,6109,140,214,108,30,186,1
"species",122,122,109,104,5636,47,184,118,46,342,1
"species",123,123,135,92,5709,102,209,82,21,192,1
"species",124,124,133,92,5698,100,207,81,20,196,1
"species",125,125,135,101,6087,141,214,91,29,169,1
"species",126,126,126,102,6130,132,206,96,23,175,1
"species",127,127,142,99,5713,109,216,93,29,187,1
"species",128,128,137,91,5684,104,211,84,22,185,1
"species",129,129,140,95,5725,106,214,79,22,191,1
"species",130,130,138,95,5737,104,212,78,22,197,1
"species",131,131,134,92,5730,100,208,77,20,203,1
"species",132,132,126,93,5743,147,199,80,15,205,1
"species",133,133,98,101,5730,145,35,80,17,163,1
"species",134,134,96,98,5726,143,33,79,16,168,1
"species",135,135,120,89,5685,88,194,81,15,204,1
"species",136,136,98,90,4951,74,163,93,22,218,1
"species",137,137,92,97,5673,140,29,81,15,186,1
"species",138,138,123,92,5764,144,62,82,14,183,1
"species",139,139,136,88,5651,104,209,86,22,177,1
"species",140,140,107,102,5593,46,180,115,21,286,1
"species",141,141,88,99,6107,95,165,93,15,221,1
"species",142,142,120,90,5707,140,193,84,14,198,1
"species",143,143,107,99,5736,74,182,81,16,195,1
"species",144,144,95,100,5726,143,32,81,17,164,1
"species",145,145,126,102,5897,133,203,90,22,184,1
"species",146,146,90,97,5665,138,28,82,16,173,1
"species",147,147,77,93,5582,96,14,88,16,174,1
"species",148,148,85,95,5595,132,22,84,15,184,1
"species",149,149,108,99,5725,75,182,82,16,194,1
"species",150,150,90,98,5674,137,27,82,16,166,1
"species",151,151,92,98,5678,140,29,82,15,180,1
"species",152,152,118,101,5797,84,193,80,17,193,1
"species",153,153,63,79,5765,33,137,104,15,257,1
"species",154,154,92,98,6263,98,171,94,11,234,1
"species",155,155,114,88,5731,83,189,89,26,201,1
"species",156,156,128,101,5817,136,204,92,23,190,1
"species",157,157,138,93,5727,104,212,78,22,197,1
"species",158,158,134,99,5747,142,209,96,27,195,1
"species",159,159,141,99,5758,107,215,82,24,183,1
"species",160,160,139,100,5748,147,214,98,30,197,1
"species",161,161,99,95,6089,105,21,90,17,184,1
"species",162,162,124,82,5400,97,195,92,33,222,1
"species",163,163,133,79,5274,107,200,113,35,226,1
"species",164,164,104,96,5943,112,180,86,18,197,1
"species",165,165,119,98,6062,126,198,91,24,184,1
"species",166,166,122,85,5586,92,195,89,31,206,1
"species",167,167,84,92,5935,50,160,93,15,224,1
"species",168,168,104,100,6071,112,182,85,17,193,1
"species",169,169,131,79,5334,105,199,111,34,221,1
"species",170,170,130,97,5770,95,204,81,17,211,1
"species",171,171,110,104,5852,158,47,78,16,181,1
"species",172,172,113,96,5908,121,188,85,20,192,1
"species",173,173,112,98,5727,79,186,86,18,196,1
"species",174,174,107,102,5548,46,179,106,19,265,1
"species",175,175,137,101,6110,143,217,100,31,176,1
"species",176,176,108,104,5758,132,46,81,15,184,1
"species",177,177,106,103,5794,153,42,77,17,160,1
"species",178,178,124,87,5696,144,197,82,15,187,1
"species",179,179,101,102,5755,149,38,80,16,179,1
"species",180,180,115,100,5784,123,190,86,19,190,1
"species",181,181,109,86,5661,127,48,92,14,197,1
"species",182,182,111,99,5761,78,186,84,17,192,1
"species",183,183,113,105,5758,137,51,80,15,179,1
"species",184,184,107,99,5769,155,182,82,17,190,1
"species",185,185,96,100,5728,144,33,80,16,169,1
"species",186,186,75,78,5440,87,16,112,14,237,1
"species",187,187,15,71,5799,-42,89,146,9,405,1
"species",188,188,105,96,6151,111,185,94,18,191,1
"species",189,189,164,86,3576,129,208,83,69,229,1
"species",190,190,127,102,5968,134,205,96,24,183,1
"species",191,191,167,86,3626,131,211,82,68,226,1
"species",192,192,138,101,5999,144,217,109,32,190,1
"species",193,193,133,94,5919,140,210,84,32,172,1
"species",194,194,110,96,5915,119,187,86,20,193,1
"species",195,195,82,90,5932,48,158,94,15,228,1
"species",196,196,106,100,6086,113,184,85,17,192,1
"species",197,197,135,90,5219,110,202,119,38,257,1
"species",198,198,124,103,5832,89,199,79,16,191,1
"species",199,199,113,105,5787,136,50,80,15,184,1
"species",200,200,120,99,6188,125,201,97,22,182,1
"species",201,201,112,100,5425,53,183,134,23,335,1
"species",202,202,114,95,5945,122,191,87,22,189,1
"species",203,203,97,93,5917,106,174,89,17,207,1
"species",204,204,114,95,5859,123,189,86,21,194,1
"species",205,205,134,94,5742,100,208,78,21,203,1
"species",206,206,113,85,5609,131,186,88,15,198,1
"species",207,207,131,95,5763,122,206,76,16,202,1
"species",208,208,141,94,5735,107,216,79,23,189,1
"species",209,209,112,102,5509,52,184,121,22,300,1
"species",210,210,98,97,5992,63,175,89,18,200,1
"species",211,211,98,80,5500,71,169,106,26,236,1
"species",212,212,91,86,5693,60,164,98,21,226,1
"species",213,213,120,99,6212,126,201,96,22,181,1
"species",214,214,130,91,5735,97,204,79,19,203,1
"species",215,215,86,78,5569,58,158,104,22,238,1
"species",216,216,128,77,5322,102,196,110,33,221,1
"species",217,217,115,95,5898,124,191,85,21,191,1
"species",218,218,92,99,6078,101,170,90,16,207,1
"species",219,219,128,83,5627,146,67,84,17,173,1
"species",220,220,123,94,5927,131,200,86,28,179,1
"species",221,221,121,93,5773,89,196,86,25,196,1
"species",222,222,136,102,6054,142,216,108,30,186,1
"species",223,223,114,103,5819,79,189,81,16,190,1
"species",224,224,87,98,6105,95,165,92,15,221,1
"species",225,225,137,85,5248,111,204,118,38,237,1
"species",226,226,124,84,5335,97,192,114,33,236,1
"species",227,227,121,91,5774,89,196,87,27,195,1
"species",228,228,120,90,5723,140,59,85,14,188,1
"species",229,229,129,90,5795,96,204,86,32,185,1
"species",230,230,143,99,5718,110,217,89,27,182,1
"species",231,231,111,82,5442,84,181,110,29,235,1
"species",232,232,118,100,6337,124,200,96,19,197,1
"species",233,233,131,94,5731,97,205,79,19,212,1
"species",234,234,129,102,5923,136,206,96,24,186,1
"species",235,235,139,101,6090,145,219,103,32,178,1
"species",236,236,137,102,5923,144,214,105,30,197,1
"species",237,237,137,101,6100,143,217,106,31,183,1
"species",238,238,128,101,6228,133,209,102,25,187,1
"species",239,239,125,101,6154,131,206,100,24,182,1
"species",240,240,118,100,5805,126,194,89,20,191,1
"species",241,241,111,69,5481,85,182,105,26,210,1
"species",242,242,90,85,5671,60,164,97,21,229,1
"species",243,243,86,99,6091,94,163,93,15,216,1
"species",244,244,119,88,5676,88,193,88,28,204,1
"species",245,245,84,69,5542,57,156,106,21,231,1
"species",246,246,124,104,5600,60,193,81,11,214,1
"species",247,247,139,101,6058,146,219,102,32,176,1
"species",248,248,113,101,5517,133,44,61,23,96,1
"species",249,249,91,94,6064,98,170,96,15,220,1
"species",250,250,124,100,6092,130,204,103,25,188,1
"species",251,251,127,88,5642,95,200,85,18,192,1
"species",252,252,94,100,6107,102,172,90,15,209,1
"species",253,253,101,86,5704,71,174,99,23,214,1
"species",254,254,77,91,5587,124,14,88,15,187,1
"species",255,255,61,87,5404,78,0,96,14,204,1
"species",256,256,85,96,5644,132,22,85,17,166,1
"species",257,257,96,98,5737,143,32,78,16,173,1
"species",258,258,72,80,5478,85,13,115,14,237,1
"species",259,259,63,77,5425,74,4,119,13,254,1
"species",260,260,114,83,5636,85,186,103,27,212,1
"species",261,261,107,91,5696,126,46,94,16,189,1
"species",262,262,133,101,6032,140,213,109,30,192,1
"species",263,263,121,101,5867,128,197,92,21,187,1
"species",264,264,129,101,5831,136,204,94,24,193,1
"species",265,265,133,101,6179,139,214,101,28,182,1
"species",266,266,84,70,6221,54,164,101,21,203,1
"species",267,267,122,91,5696,90,196,87,27,200,1
"species",268,268,122,85,5527,93,194,91,31,214,1
"species",269,269,127,89,5371,100,196,111,34,242,1
"species",270,270,124,80,5341,98,194,93,34,226,1
"species",271,271,127,89,5429,99,197,100,32,229,1
"species",272,272,123,105,5892,87,199,76,16,181,1
"species",273,273,131,90,5468,101,201,94,32,219,1
"species",274,274,115,91,5690,84,188,89,25,209,1
"species",275,275,125,86,5771,143,55,76,24,126,1
"species",276,276,144,98,5701,111,218,86,27,179,1
"species",277,277,119,97,5735,141,58,83,14,175,1
"species",278,278,115,105,5868,163,51,74,17,173,1
"species",279,279,115,99,6272,121,197,94,19,187,1
"species",280,280,120,72,5465,169,55,91,21,159,1
"species",281,281,129,101,6217,135,211,103,26,186,1
"species",282,282,129,102,6106,135,209,99,25,178,1
"species",283,283,89,96,5997,97,166,91,15,217,1
"species",284,284,86,92,5955,94,162,93,16,222,1
"species",285,285,129,88,5676,98,203,87,33,193,1
"species",286,286,109,75,5508,82,180,104,27,216,1
"species",287,287,133,91,5346,106,202,107,36,241,1
"species",288,288,97,99,6074,104,175,88,16,205,1
"species",289,289,123,101,6045,129,202,96,23,177,1
"species",290,290,115,91,5743,135,53,88,15,180,1
"species",291,291,122,102,5622,145,192,78,12,191,1
"species",292,292,117,89,5708,137,56,87,14,193,1
"species",293,293,121,89,5712,141,194,84,15,193,1
"species",294,294,115,90,5712,134,53,89,15,185,1
"species",295,295,131,100,5788,97,206,85,22,189,1
"species",296,296,123,100,5782,89,198,82,19,192,1
"species",297,297,115,82,5604,131,54,91,17,183,1
"species",298,298,135,101,6136,140,215,101,29,179,1
"species",299,299,108,102,5803,155,44,82,16,190,1
"species",300,300,74,92,5428,90,145,103,14,218,1
"species",301,301,86,94,5595,133,23,83,15,189,1
"species",302,302,92,97,6141,99,171,95,14,221,1
"species",303,303,110,99,6231,115,190,96,18,203,1
"species",304,304,137,98,5989,144,214,82,33,158,1
"species",305,305,91,93,6015,140,15,87,17,177,1
"species",306,306,128,100,5780,93,203,78,15,204,1
"species",307,307,104,103,5733,127,42,83,15,193,1
"species",308,308,116,104,5564,140,79,85,12,218,1
"species",309,309,126,99,5744,148,64,77,13,171,1
"species",310,310,97,94,5914,106,173,89,18,207,1
"species",311,311,134,91,5303,108,202,111,37,247,1
"species",312,312,147,97,5696,114,221,86,28,175,1
"species",313,313,113,100,5746,79,188,81,17,196,1
"species",314,314,126,102,6011,133,205,96,24,179,1
"species",315,315,81,93,6019,89,159,96,14,232,1
"species",316,316,95,97,6086,102,173,92,16,212,1
"species",317,317,90,94,6044,97,168,94,15,220,1
"species",318,318,132,100,6065,139,210,87,29,168,1
"species",319,319,125,93,5869,133,201,85,28,184,1
"species",320,320,114,101,5786,80,189,81,17,193,1
"species",321,321,104,100,5759,152,41,81,16,190,1
"species",322,322,123,100,6116,129,202,101,23,186,1
"species",323,323,123,100,6162,128,203,101,23,187,1
"species",324,324,104,91,5841,120,36,74,26,117,1
"species",325,325,110,87,5519,82,181,100,27,229,1
"species",326,326,123,101,6397,127,40,90,18,181,1
"species",327,327,123,101,6152,128,203,91,22,166,1
"species",328,328,70,89,5932,37,147,98,13,249,1
"species",329,329,76,87,5861,44,152,97,16,233,1
"species",330,330,79,91,5943,46,155,95,15,227,1
"species",331,331,116,94,5951,124,193,88,25,186,1
"species",332,332,119,99,6159,125,200,99,22,185,1
"species",333,333,66,81,5503,80,7,119,14,246,1
"species",334,334,119,96,5706,86,194,83,17,207,1
"species",335,335,81,77,5591,53,154,105,21,243,1
"species",336,336,84,79,5589,56,156,103,21,240,1
"species",337,337,82,95,5630,129,19,86,17,168,1
"species",338,338,120,99,6119,127,199,90,23,183,1
"species",339,339,77,92,5989,85,154,96,13,238,1
"species",340,340,116,81,5446,88,187,93,31,223,1
"species",341,341,81,98,6076,89,158,96,14,233,1
"species",342,342,87,90,5841,55,162,94,18,219,1
"species",343,343,118,94,5767,139,56,85,14,177,1
"species",344,344,143,99,5741,110,218,91,29,183,1
"species",345,345,126,101,6125,132,206,100,24,182,1
"species",346,346,75,84,5813,43,150,98,15,239,1
"species",347,347,118,82,5488,90,190,92,31,218,1
"species",348,348,140,90,5291,113,208,105,38,239,1
"species",349,349,109,73,5532,82,180,103,26,211,1
"species",350,350,98,69,5504,71,169,106,24,219,1
"species",351,351,87,91,5938,95,164,94,16,221,1
"species",352,352,122,103,5589,145,62,78,11,191,1
"species",353,353,127,97,5752,150,199,78,15,204,1
"species",354,354,121,102,5614,144,62,79,12,188,1
"species",355,355,135,102,6049,141,214,106,29,188,1
"species",356,356,113,93,5878,130,43,69,29,101,1
"species",357,357,66,90,6078,32,22,98,13,241,1
"species",358,358,57,81,5822,26,132,105,14,270,1
"species",359,359,118,98,5727,140,57,84,14,177,1
"species",360,360,45,68,5590,19,118,114,14,290,1
"species",361,361,81,100,6220,44,38,94,14,218,1
"species",362,362,91,98,5331,109,159,98,12,234,1
"species",363,363,149,95,5664,116,222,85,28,169,1
"species",364,364,144,97,5724,111,219,81,25,180,1
"species",365,365,114,77,5518,128,54,96,18,189,1
"species",366,366,151,93,5650,118,224,85,29,165,1
"species",367,367,133,102,6057,139,212,104,27,185,1
"species",368,368,81,68,5576,54,153,107,20,230,1
"species",369,369,58,78,5735,29,133,106,15,268,1
"species",370,370,120,89,5710,89,195,88,28,198,1
"species",371,371,112,95,6000,119,190,90,22,191,1
"species",372,372,124,81,5387,96,194,92,34,222,1
"species",373,373,138,101,5784,146,214,106,33,208,1
"species",374,374,119,94,5877,127,194,86,23,190,1
"species",375,375,120,94,5815,86,194,85,24,193,1
"species",376,376,122,91,5737,90,196,87,27,196,1
"species",377,377,119,95,5776,140,57,84,15,174,1
"species",378,378,147,108,5688,158,221,69,36,111,1
"species",379,379,98,102,6165,106,177,89,16,201,1
"species",380,380,107,100,5769,74,182,80,16,191,1
"species",381,381,123,103,5586,146,193,77,11,194,1
"species",382,382,133,102,6036,140,212,102,27,183,1
"species",383,383,70,74,5659,42,143,105,17,245,1
"species",384,384,84,102,6233,92,163,95,15,215,1
"species",385,385,83,101,6257,91,40,91,14,209,1
"species",386,386,91,113,5954,108,171,76,19,172,1
"species",387,387,128,83,5613,137,67,87,18,175,1
"species",388,388,136,88,5396,108,206,95,35,221,1
"species",389,389,120,99,6148,126,199,93,23,188,1
"species",390,390,131,107,5769,103,207,74,32,134,1
"species",391,391,136,106,5730,148,211,74,33,129,1
"species",392,392,106,86,5527,78,178,99,26,229,1
"species",393,393,96,90,5758,65,170,93,20,217,1
"species",394,394,106,94,5940,114,182,87,20,197,1
"species",395,395,117,92,5723,85,191,87,25,202,1
"species",396,396,123,105,5494,89,192,80,12,204,1
"species",397,397,122,95,5768,144,61,82,14,174,1
"species",398,398,122,97,5757,144,60,82,14,172,1
"species",399,399,104,99,5721,71,179,80,16,192,1
"species",400,400,139,100,5761,105,214,88,26,185,1
"species",401,401,89,82,5555,104,29,105,15,214,1
"species",402,402,134,100,5802,100,210,87,24,188,1
"species",403,403,124,92,5749,145,197,81,14,199,1
"species",404,404,103,99,6252,109,183,94,15,210,1
"species",405,405,130,90,5382,103,199,103,34,234,1
"species",406,406,136,109,5786,147,212,69,34,121,1
"species",407,407,116,81,6162,86,197,103,28,225,1
"species",408,408,116,99,6176,121,196,98,21,188,1
"species",409,409,111,90,5710,131,50,91,15,186,1
"species",410,410,86,92,5942,100,16,83,24,132,1
"species",411,411,127,85,5463,98,198,90,33,216,1
"species",412,412,129,87,5530,100,201,89,32,209,1
"species",413,413,112,78,5510,84,182,104,27,217,1
"species",414,414,130,92,5747,96,205,76,18,204,1
"species",415,415,110,92,5869,118,41,69,26,111,1
"species",416,416,115,91,5820,123,47,67,27,111,1
"species",417,417,93,108,6346,111,18,74,26,112,1
"species",418,418,120,90,5688,89,194,88,27,205,1
"species",419,419,84,69,5542,57,156,106,21,231,1
"species",420,420,120,92,5757,141,59,84,14,183,1
"species",421,421,29,72,5728,0,102,127,11,345,1
"species",422,422,109,100,5750,76,184,82,16,196,1
"species",423,423,113,98,5977,121,190,83,19,188,1
"species",424,424,133,79,5274,107,200,113,35,226,1
"species",425,425,88,94,6055,95,166,96,14,225,1
"species",426,426,121,87,5602,90,193,89,29,206,1
"species",427,427,105,95,5856,71,180,87,20,202,1
"species",428,428,129,90,5735,97,204,86,31,190,1
"species",429,429,124,92,5818,91,199,86,28,188,1
"species",430,430,124,93,5763,146,197,81,14,189,1
"species",431,431,113,82,5553,84,184,105,28,219,1
"species",432,432,103,85,5677,73,175,100,23,214,1
"species",433,433,127,97,5978,135,204,85,28,173,1
"species",434,434,119,104,5854,84,195,80,16,189,1
"species",435,435,74,89,5908,42,150,97,15,235,1
"species",436,436,116,86,4905,63,179,100,20,259,1
"species",437,437,117,87,5009,63,181,91,20,236,1
"species",438,438,120,111,6523,106,207,54,28,111,1
"species",439,439,127,99,6084,134,206,87,26,173,1
"species",440,440,105,96,5361,47,176,80,18,209,1
"species",441,441,71,89,5394,118,10,91,13,212,1
"species",442,442,115,100,5778,81,190,82,16,197,1
"species",443,443,99,96,6108,106,178,94,17,210,1
"species",444,444,99,85,5575,70,171,101,25,230,1
"species",445,445,117,87,5438,89,187,106,30,237,1
"species",446,446,90,81,5556,62,162,103,23,238,1
"species",447,447,110,95,6009,118,188,91,22,193,1
"species",448,448,118,95,5980,126,196,88,25,184,1
"species",449,449,93,90,5807,61,168,94,20,217,1
"species",450,450,65,83,5834,34,140,101,15,250,1
"species",451,451,111,94,5911,119,187,87,21,194,1
"species",452,452,100,93,5836,68,175,90,19,208,1
"species",453,453,73,80,5687,43,146,102,18,250,1
"species",454,454,72,78,5632,44,145,104,19,251,1
"species",455,455,119,84,5532,90,191,91,30,214,1
"species",456,456,127,89,5682,96,201,87,31,196,1
"species",457,457,91,90,5890,99,167,93,18,215,1
"species",458,458,80,83,5698,50,154,100,19,239,1
"species",459,459,112,92,5889,120,188,88,23,194,1
"species",460,460,125,94,5889,133,201,85,28,181,1
"species",461,461,123,97,5492,90,195,65,19,162,1
"species",462,462,71,95,6181,36,28,94,13,230,1
"species",463,463,30,73,5739,1,103,125,11,340,1
"species",464,464,89,82,5624,61,162,101,22,232,1
"species",465,465,89,91,5866,56,164,93,18,217,1
"species",466,466,86,88,5794,54,161,96,19,225,1
"species",467,467,106,80,4660,82,165,110,22,276,1
"species",468,468,114,83,4780,63,175,109,21,283,1
"species",469,469,83,87,5864,92,159,96,16,226,1
"species",470,470,104,97,6173,111,184,96,17,206,1
"species",471,471,131,86,5619,100,204,87,34,195,1
"species",472,472,107,101,5641,127,35,78,17,146,1
"species",473,473,116,86,5633,134,189,85,15,198,1
"species",474,474,117,93,5753,138,55,86,14,181,1
"species",475,475,85,94,5628,132,22,83,15,183,1
"species",476,476,119,95,5992,127,197,88,25,181,1
"species",477,477,113,93,5769,81,188,87,23,202,1
"species",478,478,164,85,3441,131,206,82,69,224,1
"species",479,479,98,91,5895,106,174,91,19,208,1
"species",480,480,172,113,5609,142,245,45,46,83,1
"species",481,481,114,100,6381,119,30,89,15,192,1
"species",482,482,91,92,5965,99,168,94,16,216,1
"species",483,483,126,99,6062,133,204,86,26,174,1
"species",484,484,96,89,5867,104,172,93,19,211,1
"species",485,485,69,91,5981,36,146,100,13,248,1
"species",486,486,120,93,5861,128,196,86,25,189,1
"species",487,487,81,93,6057,89,159,97,13,236,1
"species",488,488,87,101,6174,95,165,94,15,214,1
"species",489,489,92,98,6214,99,171,94,13,227,1
"species",490,490,128,85,5420,100,199,92,33,219,1
"species",491,491,93,83,5666,64,166,101,22,225,1
"species",492,492,111,92,5120,55,177,92,19,240,1
"species",493,493,108,94,5185,52,176,94,18,246,1
"species",494,494,114,94,5267,56,183,82,18,213,1
"species",495,495,121,106,5604,146,84,82,12,207,1
"species",496,496,121,101,5875,128,197,87,20,184,1
"species",497,497,89,104,6277,97,168,95,15,210,1
"species",498,498,79,91,5940,45,155,95,15,228,1
"species",499,499,94,94,5319,65,165,80,21,194,1
"species",500,500,86,86,5770,55,160,98,19,225,1
"species",501,501,107,94,5958,114,184,90,21,196,1
"species",502,502,130,101,5707,150,203,59,20,122,1
"species",503,503,87,88,5869,96,163,95,17,221,1
"species",504,504,84,84,5701,54,158,99,20,233,1
"species",505,505,107,87,4965,54,171,101,19,263,1
"species",506,506,117,88,5023,63,181,91,19,236,1
"species",507,507,117,103,5639,55,190,101,21,250,1
"species",508,508,108,95,5095,53,175,109,19,284,1
"species",509,509,109,102,5587,48,182,98,19,245,1
"species",510,510,112,91,5092,57,178,91,19,237,1
"species",511,511,92,91,5891,101,168,92,17,214,1
"species",512,512,114,93,5884,122,190,87,23,193,1
"species",513,513,130,89,5318,104,198,115,36,247,1
"species",514,514,84,69,5542,57,156,106,21,231,1
"species",515,515,128,96,5961,136,205,84,29,171,1
"species",516,516,80,98,6102,44,158,97,14,233,1
"species",517,517,107,93,5150,51,175,94,18,245,1
"species",518,518,89,107,5322,61,160,97,27,210,1
"species",519,519,93,90,5890,101,169,94,18,213,1
"species",520,520,104,83,5504,76,175,106,27,235,1
"species",521,521,136,85,5557,106,209,87,36,194,1
"species",522,522,140,78,5600,189,71,76,27,104,1
"species",523,523,100,96,5499,68,173,69,20,175,1
"species",524,524,116,84,4797,64,177,109,20,283,1
"species",525,525,87,102,6224,95,166,97,15,218,1
"species",526,526,123,87,5692,91,197,88,30,196,1
"species",527,527,130,100,6075,137,208,88,28,170,1
"species",528,528,128,97,5977,136,205,84,28,173,1
"species",529,529,127,106,5979,151,51,61,23,96,1
"species",530,530,81,92,6021,88,158,97,13,235,1
"species",531,531,100,98,6234,106,180,94,14,212,1
"species",532,532,129,73,5515,144,62,98,21,179,1
"species",533,533,78,96,5347,22,148,106,15,270,1
"species",534,534,84,108,6346,102,9,80,25,122,1
"species",535,535,103,98,5397,44,174,81,17,212,1
"species",536,536,106,95,5881,73,182,86,19,198,1
"species",537,537,79,111,6357,96,164,83,24,138,1
"species",538,538,75,109,6322,93,160,86,24,139,1
"species",539,539,80,107,6264,98,163,82,26,126,1
"species",540,540,139,86,5153,114,205,124,40,253,1
"species",541,541,111,97,5353,52,181,85,18,221,1
"species",542,542,112,85,4967,85,176,92,21,235,1
"species",543,543,138,121,6423,71,225,70,51,192,1
"species",544,544,117,85,4803,65,178,109,20,284,1
"species",545,545,130,81,5346,104,199,111,34,221,1
"species",546,546,93,114,6378,112,177,75,25,127,1
"species",547,547,86,96,5633,133,23,84,17,169,1
"species",548,548,101,101,5715,148,38,85,15,198,1
"species",549,549,115,84,5565,86,186,104,28,217,1
"species",550,550,109,98,5366,51,180,87,17,227,1
"species",551,551,103,97,5272,46,172,102,18,265,1
"species",552,552,113,91,5252,83,181,78,19,201,1
"species",553,553,123,99,5726,145,62,80,13,173,1
"species",554,554,126,98,5761,149,198,77,13,176,1
"species",555,555,110,92,5872,118,186,89,23,197,1
"species",556,556,120,87,4931,67,183,98,20,256,1
"species",557,557,132,76,5593,148,63,90,21,164,1
"species",558,558,119,100,5687,141,59,82,13,178,1
"species",559,559,137,84,5345,110,205,114,36,225,1
"species",560,560,80,75,5434,91,22,110,16,218,1
"species",561,561,121,104,5622,145,191,81,11,216,1
"species",562,562,121,104,5613,145,191,81,11,215,1
"species",563,563,123,107,5257,90,190,97,15,246,1
"species",564,564,44,79,5842,13,118,114,11,310,1
"species",565,565,73,90,5949,39,149,98,14,239,1
"species",566,566,104,94,5912,112,181,88,19,200,1
"species",567,567,117,92,5704,86,191,88,25,204,1
"species",568,568,84,90,5924,92,160,95,16,226,1
"species",569,569,144,82,5195,119,210,117,39,230,1
"species",570,570,106,86,5635,76,178,101,25,217,1
"species",571,571,115,99,6180,120,195,92,20,177,1
"species",572,572,124,84,5335,97,192,114,33,236,1
"species",573,573,120,99,6188,125,201,97,22,182,1
"species",574,574,104,102,6462,110,185,88,12,209,1
"species",575,575,136,87,5689,103,210,83,19,174,1
"species",576,576,142,87,5071,118,207,129,43,262,1
"species",577,577,134,88,5176,110,201,122,39,259,1
"species",578,578,51,75,5734,22,125,109,14,279,1
"species",579,579,74,85,5802,42,150,97,15,242,1
"species",580,580,65,76,5502,76,7,118,15,231,1
"species",581,581,127,89,5758,95,202,87,32,186,1
"species",582,582,128,93,5876,136,204,85,30,179,1
"species",583,583,136,89,5776,103,211,85,35,179,1
"species",584,584,111,82,5442,84,181,110,29,235,1
"species",585,585,139,86,5153,114,205,124,40,253,1
"species",586,586,144,82,5195,119,210,117,39,230,1
"species",587,587,118,100,6180,123,198,91,20,170,1
"species",588,588,105,80,5534,120,45,97,16,193,1
"species",589,589,115,82,5604,131,54,91,17,183,1
"species",590,590,138,101,5781,146,213,103,31,205,1
"species",591,591,128,100,5745,151,200,74,12,174,1
"species",592,592,123,100,6276,128,204,98,23,194,1
"species",593,593,118,101,5644,140,58,83,13,184,1
